>> A = [1 0 1;0 1 2;1 2 1]

A =

     1     0     1
     0     1     2
     1     2     1

>> T = hess(A)

T =

    1.0000   -0.0000         0
   -0.0000    1.0000   -2.2361
         0   -2.2361    1.0000

>> [Q,R] = qr(T)

Q =

   -1.0000   -0.0000    0.0000
    0.0000   -0.4082    0.9129
         0    0.9129    0.4082


R =

   -1.0000    0.0000   -0.0000
         0   -2.4495    1.8257
         0         0   -1.6330

>> A1 = R*Q

A1 =

    1.0000   -0.0000    0.0000
   -0.0000    2.6667   -1.4907
         0   -1.4907   -0.6667

>> [Q,R] = qr(A1)

Q =

   -1.0000   -0.0000    0.0000
    0.0000   -0.8729    0.4880
         0    0.4880    0.8729


R =

   -1.0000    0.0000   -0.0000
         0   -3.0551    0.9759
         0         0   -1.3093

>> A2 = R*Q

A2 =

    1.0000   -0.0000    0.0000
   -0.0000    3.1429   -0.6389
         0   -0.6389   -1.1429
