A =

     []


n =

     5


g =

    0.4877    0.3943    0.2313    0.0396   -0.1348


g =

    0.4877
    0.3943
    0.2313
    0.0396
   -0.1348


A =

    0.2099    0.1991    0.1975    0.1952    0.1921
    0.1991    0.2021    0.1782    0.1580    0.1323
    0.1975    0.1782    0.1514    0.0908    0.0313
    0.1952    0.1580    0.0908    0.0163   -0.0794
    0.1921    0.1323    0.0313   -0.0794   -0.1554


ninv_inf =

    0.9938


ninf =

  142.3053


cond =

  141.4221


maxerr =

    0.0641


n =

    10


g =

    0.4969    0.4726    0.4255    0.3587    0.2766    0.1843    0.0876   -0.0074   -0.0952   -0.1707


g =

    0.4969
    0.4726
    0.4255
    0.3587
    0.2766
    0.1843
    0.0876
   -0.0074
   -0.0952
   -0.1707


A =

    0.1100    0.1000    0.0999    0.0998    0.0998    0.0996    0.0995    0.0993    0.0991    0.0989
    0.1000    0.1098    0.0993    0.0986    0.0978    0.0967    0.0953    0.0938    0.0921    0.0901
    0.0999    0.0993    0.1081    0.0962    0.0938    0.0908    0.0872    0.0831    0.0785    0.0734
    0.0998    0.0986    0.0962    0.1027    0.0880    0.0823    0.0755    0.0679    0.0594    0.0502
    0.0998    0.0978    0.0938    0.0880    0.0904    0.0713    0.0607    0.0489    0.0361    0.0226
    0.0996    0.0967    0.0908    0.0823    0.0713    0.0681    0.0433    0.0271    0.0102   -0.0071
    0.0995    0.0953    0.0872    0.0755    0.0607    0.0433    0.0341    0.0039   -0.0164   -0.0361
    0.0993    0.0938    0.0831    0.0679    0.0489    0.0271    0.0039   -0.0095   -0.0419   -0.0619
    0.0991    0.0921    0.0785    0.0594    0.0361    0.0102   -0.0164   -0.0419   -0.0543   -0.0823
    0.0989    0.0901    0.0734    0.0502    0.0226   -0.0071   -0.0361   -0.0619   -0.0823   -0.0853


ninv_inf =

    1.0059


ninf =

  186.0638


cond =

  187.1621


maxerr =

    0.0551


n =

    20


g =

  Columns 1 through 17

    0.4992    0.4931    0.4809    0.4628    0.4393    0.4105    0.3770    0.3394    0.2983    0.2542    0.2080    0.1603    0.1119    0.0635    0.0159   -0.0302   -0.0742

  Columns 18 through 20

   -0.1154   -0.1532   -0.1872


g =

    0.4992
    0.4931
    0.4809
    0.4628
    0.4393
    0.4105
    0.3770
    0.3394
    0.2983
    0.2542
    0.2080
    0.1603
    0.1119
    0.0635
    0.0159
   -0.0302
   -0.0742
   -0.1154
   -0.1532
   -0.1872


A =

  Columns 1 through 17

    0.0600    0.0500    0.0500    0.0500    0.0500    0.0500    0.0500    0.0500    0.0500    0.0500    0.0500    0.0499    0.0499    0.0499    0.0499    0.0499    0.0499
    0.0500    0.0600    0.0500    0.0500    0.0499    0.0499    0.0499    0.0498    0.0497    0.0497    0.0496    0.0495    0.0495    0.0494    0.0493    0.0492    0.0491
    0.0500    0.0500    0.0599    0.0499    0.0498    0.0497    0.0496    0.0495    0.0493    0.0491    0.0489    0.0487    0.0485    0.0483    0.0480    0.0477    0.0474
    0.0500    0.0500    0.0499    0.0598    0.0496    0.0494    0.0492    0.0489    0.0486    0.0483    0.0479    0.0475    0.0471    0.0466    0.0461    0.0455    0.0449
    0.0500    0.0499    0.0498    0.0496    0.0594    0.0491    0.0487    0.0483    0.0478    0.0472    0.0466    0.0459    0.0452    0.0444    0.0436    0.0427    0.0417
    0.0500    0.0499    0.0497    0.0494    0.0491    0.0586    0.0480    0.0474    0.0467    0.0458    0.0449    0.0440    0.0429    0.0417    0.0405    0.0392    0.0378
    0.0500    0.0499    0.0496    0.0492    0.0487    0.0480    0.0573    0.0464    0.0454    0.0442    0.0430    0.0416    0.0402    0.0386    0.0369    0.0351    0.0333
    0.0500    0.0498    0.0495    0.0489    0.0483    0.0474    0.0464    0.0552    0.0439    0.0424    0.0407    0.0390    0.0370    0.0350    0.0328    0.0306    0.0282
    0.0500    0.0497    0.0493    0.0486    0.0478    0.0467    0.0454    0.0439    0.0522    0.0403    0.0382    0.0360    0.0336    0.0310    0.0283    0.0255    0.0226
    0.0500    0.0497    0.0491    0.0483    0.0472    0.0458    0.0442    0.0424    0.0403    0.0480    0.0354    0.0327    0.0298    0.0267    0.0235    0.0201    0.0167
    0.0500    0.0496    0.0489    0.0479    0.0466    0.0449    0.0430    0.0407    0.0382    0.0354    0.0424    0.0292    0.0257    0.0221    0.0183    0.0144    0.0104
    0.0499    0.0495    0.0487    0.0475    0.0459    0.0440    0.0416    0.0390    0.0360    0.0327    0.0292    0.0354    0.0214    0.0172    0.0129    0.0085    0.0040
    0.0499    0.0495    0.0485    0.0471    0.0452    0.0429    0.0402    0.0370    0.0336    0.0298    0.0257    0.0214    0.0268    0.0121    0.0073    0.0025   -0.0025
    0.0499    0.0494    0.0483    0.0466    0.0444    0.0417    0.0386    0.0350    0.0310    0.0267    0.0221    0.0172    0.0121    0.0169    0.0017   -0.0036   -0.0089
    0.0499    0.0493    0.0480    0.0461    0.0436    0.0405    0.0369    0.0328    0.0283    0.0235    0.0183    0.0129    0.0073    0.0017    0.0060   -0.0097   -0.0152
    0.0499    0.0492    0.0477    0.0455    0.0427    0.0392    0.0351    0.0306    0.0255    0.0201    0.0144    0.0085    0.0025   -0.0036   -0.0097   -0.0055   -0.0212
    0.0499    0.0491    0.0474    0.0449    0.0417    0.0378    0.0333    0.0282    0.0226    0.0167    0.0104    0.0040   -0.0025   -0.0089   -0.0152   -0.0212   -0.0169
    0.0499    0.0489    0.0471    0.0443    0.0407    0.0364    0.0313    0.0257    0.0196    0.0131    0.0064   -0.0005   -0.0073   -0.0140   -0.0205   -0.0265   -0.0321
    0.0499    0.0488    0.0467    0.0437    0.0397    0.0349    0.0293    0.0231    0.0165    0.0095    0.0023   -0.0050   -0.0121   -0.0190   -0.0255   -0.0315   -0.0368
    0.0499    0.0487    0.0464    0.0430    0.0386    0.0333    0.0272    0.0205    0.0133    0.0058   -0.0019   -0.0095   -0.0168   -0.0238   -0.0303   -0.0360   -0.0409

  Columns 18 through 20

    0.0499    0.0499    0.0499
    0.0489    0.0488    0.0487
    0.0471    0.0467    0.0464
    0.0443    0.0437    0.0430
    0.0407    0.0397    0.0386
    0.0364    0.0349    0.0333
    0.0313    0.0293    0.0272
    0.0257    0.0231    0.0205
    0.0196    0.0165    0.0133
    0.0131    0.0095    0.0058
    0.0064    0.0023   -0.0019
   -0.0005   -0.0050   -0.0095
   -0.0073   -0.0121   -0.0168
   -0.0140   -0.0190   -0.0238
   -0.0205   -0.0255   -0.0303
   -0.0265   -0.0315   -0.0360
   -0.0321   -0.0368   -0.0409
   -0.0270   -0.0413   -0.0448
   -0.0413   -0.0349   -0.0476
   -0.0448   -0.0476   -0.0394


ninv_inf =

    1.0090


ninf =

  210.0086


cond =

  211.8930


maxerr =

    0.0693


A =

     []


n =

     5


g =

    0.4877    0.3943    0.2313    0.0396   -0.1348


h =

    0.4887    0.3973    0.2363    0.0466   -0.1258


h =

    0.4887
    0.3973
    0.2363
    0.0466
   -0.1258


A =

    0.2099    0.1991    0.1975    0.1952    0.1921
    0.1991    0.2021    0.1782    0.1580    0.1323
    0.1975    0.1782    0.1514    0.0908    0.0313
    0.1952    0.1580    0.0908    0.0163   -0.0794
    0.1921    0.1323    0.0313   -0.0794   -0.1554


ninv_inf =

    0.9938


ninf =

  142.3053


cond =

  141.4221


maxerr =

    0.0508


n =

    10


g =

    0.4969    0.4726    0.4255    0.3587    0.2766    0.1843    0.0876   -0.0074   -0.0952   -0.1707


h =

    0.4974    0.4741    0.4280    0.3622    0.2811    0.1898    0.0941    0.0001   -0.0867   -0.1612


h =

    0.4974
    0.4741
    0.4280
    0.3622
    0.2811
    0.1898
    0.0941
    0.0001
   -0.0867
   -0.1612


