A =

  Columns 1 through 16

     1     1     1     1     1     1     1     1     1     1     1     1     1     1     1     1
     1     1     1     1     1     1     1     1     1     1     1     1     1     1     1     1
     1     1     1     1     1     1     1     1     1     1     1     1     1     1     1     1
     1     1     1     1     1     1     1     1     1     1     1     1     1     1     1     1
     1     1     1     1     1     1     1     1     1     1     1     1     1     1     1     1
     1     1     1     1     1     1     1     1     1     1     1     1     1     1     1     1
     1     1     1     1     1     1     1     1     1     1     1     1     1     1     1     1
     1     1     1     1     1     1     1     1     1     1     1     1     1     1     1     1
     1     1     1     1     1     1     1     1     1     1     1     1     1     1     1     1
     1     1     1     1     1     1     1     1     1     1     1     1     1     1     1     1
     1     1     1     1     1     1     1     1     1     1     1     1     1     1     1     1
     1     1     1     1     1     1     1     1     1     1     1     1     1     1     1     1
     1     1     1     1     1     1     1     1     1     1     1     1     1     1     1     1
     1     1     1     1     1     1     1     1     1     1     1     1     1     1     1     1
     1     1     1     1     1     1     1     1     1     1     1     1     1     1     1     1
     1     1     1     1     1     1     1     1     1     1     1     1     1     1     1     1
     1     1     1     1     1     1     1     1     1     1     1     1     1     1     1     1
     1     1     1     1     1     1     1     1     1     1     1     1     1     1     1     1
     1     1     1     1     1     1     1     1     1     1     1     1     1     1     1     1
     1     1     1     1     1     1     1     1     1     1     1     1     1     1     1     1

  Columns 17 through 20

     1     1     1     1
     1     1     1     1
     1     1     1     1
     1     1     1     1
     1     1     1     1
     1     1     1     1
     1     1     1     1
     1     1     1     1
     1     1     1     1
     1     1     1     1
     1     1     1     1
     1     1     1     1
     1     1     1     1
     1     1     1     1
     1     1     1     1
     1     1     1     1
     1     1     1     1
     1     1     1     1
     1     1     1     1
     1     1     1     1


b =

     []


b =

     0


b =

     0
     1


b =

     0
     1
     2


b =

     0
     1
     2
     3


b =

     0
     1
     2
     3
     4


b =

     0
     1
     2
     3
     4
     5


b =

     0
     1
     2
     3
     4
     5
     6


b =

     0
     1
     2
     3
     4
     5
     6
     7


b =

     0
     1
     2
     3
     4
     5
     6
     7
     8


b =

     0
     1
     2
     3
     4
     5
     6
     7
     8
     9


b =

     0
     1
     2
     3
     4
     5
     6
     7
     8
     9
    10


b =

     0
     1
     2
     3
     4
     5
     6
     7
     8
     9
    10
    11


b =

     0
     1
     2
     3
     4
     5
     6
     7
     8
     9
    10
    11
    12


b =

     0
     1
     2
     3
     4
     5
     6
     7
     8
     9
    10
    11
    12
    13


b =

     0
     1
     2
     3
     4
     5
     6
     7
     8
     9
    10
    11
    12
    13
    14


b =

     0
     1
     2
     3
     4
     5
     6
     7
     8
     9
    10
    11
    12
    13
    14
    15


b =

     0
     1
     2
     3
     4
     5
     6
     7
     8
     9
    10
    11
    12
    13
    14
    15
    16


b =

     0
     1
     2
     3
     4
     5
     6
     7
     8
     9
    10
    11
    12
    13
    14
    15
    16
    17


b =

     0
     1
     2
     3
     4
     5
     6
     7
     8
     9
    10
    11
    12
    13
    14
    15
    16
    17
    18


b =

     0
     1
     2
     3
     4
     5
     6
     7
     8
     9
    10
    11
    12
    13
    14
    15
    16
    17
    18
    19


U =

  Columns 1 through 9

   -0.2236   -0.2236   -0.2236   -0.2236   -0.2236   -0.2236   -0.2236   -0.2236   -0.2236
   -0.2236   -0.0409   -0.0409   -0.0409   -0.0409   -0.0409   -0.0409   -0.0409   -0.0409
   -0.2236    0.9591   -0.0409   -0.0409   -0.0409   -0.0409   -0.0409   -0.0409   -0.0409
   -0.2236   -0.0409    0.9591   -0.0409   -0.0409   -0.0409   -0.0409   -0.0409   -0.0409
   -0.2236   -0.0409   -0.0409    0.9591   -0.0409   -0.0409   -0.0409   -0.0409   -0.0409
   -0.2236   -0.0409   -0.0409   -0.0409    0.9591   -0.0409   -0.0409   -0.0409   -0.0409
   -0.2236   -0.0409   -0.0409   -0.0409   -0.0409    0.9591   -0.0409   -0.0409   -0.0409
   -0.2236   -0.0409   -0.0409   -0.0409   -0.0409   -0.0409    0.9591   -0.0409   -0.0409
   -0.2236   -0.0409   -0.0409   -0.0409   -0.0409   -0.0409   -0.0409    0.9591   -0.0409
   -0.2236   -0.0409   -0.0409   -0.0409   -0.0409   -0.0409   -0.0409   -0.0409    0.9591
   -0.2236   -0.0409   -0.0409   -0.0409   -0.0409   -0.0409   -0.0409   -0.0409   -0.0409
   -0.2236   -0.0409   -0.0409   -0.0409   -0.0409   -0.0409   -0.0409   -0.0409   -0.0409
   -0.2236   -0.0409   -0.0409   -0.0409   -0.0409   -0.0409   -0.0409   -0.0409   -0.0409
   -0.2236   -0.0409   -0.0409   -0.0409   -0.0409   -0.0409   -0.0409   -0.0409   -0.0409
   -0.2236   -0.0409   -0.0409   -0.0409   -0.0409   -0.0409   -0.0409   -0.0409   -0.0409
   -0.2236   -0.0409   -0.0409   -0.0409   -0.0409   -0.0409   -0.0409   -0.0409   -0.0409
   -0.2236   -0.0409   -0.0409   -0.0409   -0.0409   -0.0409   -0.0409   -0.0409   -0.0409
   -0.2236   -0.0409   -0.0409   -0.0409   -0.0409   -0.0409   -0.0409   -0.0409   -0.0409
   -0.2236   -0.0409   -0.0409   -0.0409   -0.0409   -0.0409   -0.0409   -0.0409   -0.0409
   -0.2236   -0.0409   -0.0409   -0.0409   -0.0409   -0.0409   -0.0409   -0.0409   -0.0409

  Columns 10 through 18

   -0.2236   -0.2236   -0.2236   -0.2236   -0.2236   -0.2236   -0.2236   -0.2236   -0.2236
   -0.0409   -0.0409   -0.0409   -0.0409   -0.0409   -0.0409   -0.0409   -0.0409   -0.0409
   -0.0409   -0.0409   -0.0409   -0.0409   -0.0409   -0.0409   -0.0409   -0.0409   -0.0409
   -0.0409   -0.0409   -0.0409   -0.0409   -0.0409   -0.0409   -0.0409   -0.0409   -0.0409
   -0.0409   -0.0409   -0.0409   -0.0409   -0.0409   -0.0409   -0.0409   -0.0409   -0.0409
   -0.0409   -0.0409   -0.0409   -0.0409   -0.0409   -0.0409   -0.0409   -0.0409   -0.0409
   -0.0409   -0.0409   -0.0409   -0.0409   -0.0409   -0.0409   -0.0409   -0.0409   -0.0409
   -0.0409   -0.0409   -0.0409   -0.0409   -0.0409   -0.0409   -0.0409   -0.0409   -0.0409
   -0.0409   -0.0409   -0.0409   -0.0409   -0.0409   -0.0409   -0.0409   -0.0409   -0.0409
   -0.0409   -0.0409   -0.0409   -0.0409   -0.0409   -0.0409   -0.0409   -0.0409   -0.0409
    0.9591   -0.0409   -0.0409   -0.0409   -0.0409   -0.0409   -0.0409   -0.0409   -0.0409
   -0.0409    0.9591   -0.0409   -0.0409   -0.0409   -0.0409   -0.0409   -0.0409   -0.0409
   -0.0409   -0.0409    0.9591   -0.0409   -0.0409   -0.0409   -0.0409   -0.0409   -0.0409
   -0.0409   -0.0409   -0.0409    0.9591   -0.0409   -0.0409   -0.0409   -0.0409   -0.0409
   -0.0409   -0.0409   -0.0409   -0.0409    0.9591   -0.0409   -0.0409   -0.0409   -0.0409
   -0.0409   -0.0409   -0.0409   -0.0409   -0.0409    0.9591   -0.0409   -0.0409   -0.0409
   -0.0409   -0.0409   -0.0409   -0.0409   -0.0409   -0.0409    0.9591   -0.0409   -0.0409
   -0.0409   -0.0409   -0.0409   -0.0409   -0.0409   -0.0409   -0.0409    0.9591   -0.0409
   -0.0409   -0.0409   -0.0409   -0.0409   -0.0409   -0.0409   -0.0409   -0.0409    0.9591
   -0.0409   -0.0409   -0.0409   -0.0409   -0.0409   -0.0409   -0.0409   -0.0409   -0.0409

