>> minorm([1 2 1],[1]) 

V =

   -0.4082
   -0.8165
   -0.4082


X =

    0.1667
    0.3333
    0.1667


ans =

    0.1667
    0.3333
    0.1667



    ------

>> minorm([1;2;1],[1;1;1])
U =

    0.4082
    0.8165
    0.4082


E =

    2.4495


V =

     1


X =

    0.6667


ans =

    0.6667
